[gd_scene format=3 uid="uid://b3cjr7oemuta1"]

[ext_resource type="PackedScene" uid="uid://bkjtl63giv5kp" path="res://assets/characters/ybot/ybot.fbx" id="1_ieaut"]
[ext_resource type="Animation" uid="uid://btmy326ij1o3l" path="res://assets/animations/ybot/idle.res" id="2_idle"]
[ext_resource type="Animation" path="res://assets/animations/ybot/flinch_front.res" id="3_flinch_front"]
[ext_resource type="Animation" path="res://assets/animations/ybot/flinch_back.res" id="4_flinch_back"]
[ext_resource type="Animation" path="res://assets/animations/ybot/flinch_left.res" id="5_flinch_left"]
[ext_resource type="Animation" path="res://assets/animations/ybot/flinch_right.res" id="6_flinch_right"]
[ext_resource type="Animation" path="res://assets/animations/ybot/flinch_head.res" id="7_flinch_head"]

[sub_resource type="CapsuleShape3D" id="CapsuleShape3D_xoyn8"]
radius = 0.12
height = 0.25

[sub_resource type="CapsuleShape3D" id="CapsuleShape3D_vrytn"]
radius = 0.1
height = 0.18

[sub_resource type="CapsuleShape3D" id="CapsuleShape3D_cbjln"]
radius = 0.1
height = 0.18

[sub_resource type="CapsuleShape3D" id="CapsuleShape3D_fmh6t"]
radius = 0.12
height = 0.22

[sub_resource type="CapsuleShape3D" id="CapsuleShape3D_3ysjy"]
radius = 0.05
height = 0.11

[sub_resource type="CapsuleShape3D" id="CapsuleShape3D_c4v2p"]
radius = 0.12
height = 0.24

[sub_resource type="CapsuleShape3D" id="CapsuleShape3D_7qnld"]
radius = 0.055
height = 0.28

[sub_resource type="CapsuleShape3D" id="CapsuleShape3D_pki57"]
radius = 0.05
height = 0.26

[sub_resource type="CapsuleShape3D" id="CapsuleShape3D_trbj4"]
radius = 0.04
height = 0.1

[sub_resource type="CapsuleShape3D" id="CapsuleShape3D_a3rkp"]
radius = 0.055
height = 0.28

[sub_resource type="CapsuleShape3D" id="CapsuleShape3D_32ldi"]
radius = 0.05
height = 0.26

[sub_resource type="CapsuleShape3D" id="CapsuleShape3D_cohh2"]
radius = 0.04
height = 0.1

[sub_resource type="CapsuleShape3D" id="CapsuleShape3D_iiwor"]
radius = 0.08
height = 0.42

[sub_resource type="CapsuleShape3D" id="CapsuleShape3D_qj7yr"]
radius = 0.065
height = 0.42

[sub_resource type="CapsuleShape3D" id="CapsuleShape3D_aj1to"]
radius = 0.055
height = 0.2

[sub_resource type="CapsuleShape3D" id="CapsuleShape3D_kkt22"]
radius = 0.08
height = 0.42

[sub_resource type="CapsuleShape3D" id="CapsuleShape3D_bjkca"]
radius = 0.065
height = 0.42

[sub_resource type="CapsuleShape3D" id="CapsuleShape3D_dry07"]
radius = 0.055
height = 0.2

[sub_resource type="AnimationLibrary" id="AnimationLibrary_1"]
_data = {
&"idle": ExtResource("2_idle"),
&"flinch_front": ExtResource("3_flinch_front"),
&"flinch_back": ExtResource("4_flinch_back"),
&"flinch_left": ExtResource("5_flinch_left"),
&"flinch_right": ExtResource("6_flinch_right"),
&"flinch_head": ExtResource("7_flinch_head")
}

[node name="ybot" unique_id=1687264501 instance=ExtResource("1_ieaut")]

[node name="Skeleton3D" parent="." index="0" unique_id=1212467314]
bones/0/position = Vector3(0.012842239, 0.9038178, -0.006910722)
bones/0/rotation = Quaternion(0.025996057, -0.51466036, 0.033317145, 0.8563521)
bones/1/rotation = Quaternion(0.07068819, 0.0042781904, -0.03727355, 0.9967926)
bones/2/rotation = Quaternion(0.0512845, 0.009035216, -0.023219064, 0.9983733)
bones/3/rotation = Quaternion(0.10856753, 0.008469296, -0.024143277, 0.99375975)
bones/4/rotation = Quaternion(-0.028442664, 0.01347594, 0.032319203, 0.99898195)
bones/5/rotation = Quaternion(-0.14458747, 0.45663616, -0.06160448, 0.8756613)
bones/7/rotation = Quaternion(-0.53181034, -0.49185622, 0.57315814, -0.3830731)
bones/8/rotation = Quaternion(0.37582338, -0.34222043, -0.015291457, 0.8610506)
bones/9/rotation = Quaternion(-0.0018447656, 0.001996007, 0.39722264, 0.91771823)
bones/10/rotation = Quaternion(-0.0032576486, -0.0898975, 0.0008513389, 0.99594533)
bones/11/rotation = Quaternion(0.3630228, 0.28496802, 0.23451105, 0.85557723)
bones/12/rotation = Quaternion(-0.12146734, -0.0023299633, -0.24058573, 0.9629947)
bones/13/rotation = Quaternion(-0.2142245, -0.008249552, -0.33387697, 0.91791403)
bones/15/rotation = Quaternion(0.50624025, 0.03908273, -0.051816523, 0.8599467)
bones/16/rotation = Quaternion(0.6996905, 0.0038379706, -0.09772274, 0.70772076)
bones/17/rotation = Quaternion(0.35474724, -0.007986434, -0.073227406, 0.932056)
bones/19/rotation = Quaternion(0.520102, -0.03873306, -0.024302945, 0.8528792)
bones/20/rotation = Quaternion(0.6793376, -0.0041025975, -0.11472654, 0.7247906)
bones/21/rotation = Quaternion(0.32024756, 0.0026586314, -0.04630594, 0.94619775)
bones/23/rotation = Quaternion(0.5082228, -0.11188631, -0.03557677, 0.8531854)
bones/24/rotation = Quaternion(0.54260314, 0.016240878, -0.10978822, 0.83262515)
bones/25/rotation = Quaternion(0.5691893, -0.0029304808, -0.10331077, 0.81568503)
bones/27/rotation = Quaternion(0.4435071, -0.19442214, -0.047061134, 0.8736628)
bones/28/rotation = Quaternion(0.66612506, 0.006118992, -0.10761722, 0.73800987)
bones/29/rotation = Quaternion(0.4890679, -0.0037152183, -0.08656102, 0.8679321)
bones/31/rotation = Quaternion(0.5320398, -0.4858168, 0.5481386, 0.4248057)
bones/32/rotation = Quaternion(0.42778698, -0.066249646, 0.015333711, 0.901318)
bones/33/rotation = Quaternion(0.0845634, 0.13860689, -0.33014205, 0.929862)
bones/34/rotation = Quaternion(-0.17105928, 0.24643913, -0.050794505, 0.95258933)
bones/35/rotation = Quaternion(0.33048758, 0.11673395, -0.17333652, 0.92038345)
bones/36/rotation = Quaternion(-0.10243282, 0.028105505, 0.19467428, 0.97509974)
bones/37/rotation = Quaternion(0.053869154, -0.0062569557, -0.12567514, 0.99058807)
bones/39/rotation = Quaternion(0.0064442824, 0.0004478297, -0.004646404, 0.99996835)
bones/40/rotation = Quaternion(0.04430365, -0.00013863965, 0.00076880155, 0.99901783)
bones/41/rotation = Quaternion(-0.024724673, -0.00039777177, 0.017486278, 0.9995413)
bones/43/rotation = Quaternion(0.022359189, -0.001870287, 0.051680986, 0.99841166)
bones/44/rotation = Quaternion(0.20775142, -0.004576837, 0.038475763, 0.97741395)
bones/45/rotation = Quaternion(-0.050159577, -0.00040219649, -0.015279552, 0.99862427)
bones/47/rotation = Quaternion(0.034979798, -0.006748132, 0.10271773, 0.9940725)
bones/48/rotation = Quaternion(0.23164737, -0.007581366, 0.035641924, 0.9721171)
bones/49/rotation = Quaternion(0.1687272, -0.0054447944, 0.036301944, 0.98497903)
bones/51/rotation = Quaternion(0.094157964, -0.0017886943, 0.16744782, 0.9813728)
bones/52/rotation = Quaternion(0.16293867, -0.025844416, 0.023048865, 0.9860283)
bones/53/rotation = Quaternion(0.24697298, -0.04279986, 0.056169655, 0.9664458)
bones/55/rotation = Quaternion(0.16306333, 0.27638778, 0.9341186, -0.15634146)
bones/56/rotation = Quaternion(-0.32892627, 0.05895722, -0.012055981, 0.94243634)
bones/57/rotation = Quaternion(0.5812454, -0.029561851, -0.102965064, 0.8066462)
bones/58/rotation = Quaternion(0.24326497, -0.032472856, -0.0150856525, 0.9692987)
bones/60/rotation = Quaternion(-0.23448315, 0.20421854, 0.9260941, 0.2136873)
bones/61/rotation = Quaternion(-0.32114407, -0.03745996, -0.021256043, 0.94605047)
bones/62/rotation = Quaternion(0.6128952, 0.05699976, 0.14869067, 0.773952)
bones/63/rotation = Quaternion(0.22772278, 0.032120723, 0.015253483, 0.9730765)

[node name="PhysicalBoneSimulator3D" type="PhysicalBoneSimulator3D" parent="Skeleton3D" index="2" unique_id=1780637499]

[node name="Physical Bone mixamorig_Hips" type="PhysicalBone3D" parent="Skeleton3D/PhysicalBoneSimulator3D" index="0" unique_id=517681688]
transform = Transform3D(0.46741298, -0.8836902, -0.024836818, 0.030248912, 0.044065278, -0.9985707, 0.88352144, 0.46599358, 0.047327347, 0.014083918, 0.9537482, -0.009276807)
collision_layer = 16
collision_mask = 18
joint_offset = Transform3D(1, 0, 0, 0, 1, 0, 0, 0, 1, -2.3272969e-07, -3.5809353e-07, 0.050001908)
body_offset = Transform3D(0.99999976, -0.0006952286, -8.5983425e-05, 0, 0.12274632, -0.99243826, 0.0007005334, 0.99243796, 0.12274629, 4.5318156e-06, 0.049623847, -0.0061371922)
mass = 15.0
linear_damp = 0.5
angular_damp = 5.0
bone_name = "mixamorig_Hips"

[node name="CollisionShape3D" type="CollisionShape3D" parent="Skeleton3D/PhysicalBoneSimulator3D/Physical Bone mixamorig_Hips" index="0" unique_id=1254125280]
transform = Transform3D(1, 0, 0, 0, 0, 1, 0, -1, 0, 0, 0, 0)
shape = SubResource("CapsuleShape3D_xoyn8")

[node name="Physical Bone mixamorig_Spine" type="PhysicalBone3D" parent="Skeleton3D/PhysicalBoneSimulator3D" index="1" unique_id=100363200]
transform = Transform3D(0.48502856, -0.85754037, 0.17138216, -0.042133525, -0.2186657, -0.9748898, 0.8734827, 0.4656285, -0.14219032, 0.005272491, 1.0608506, -0.003301924)
collision_layer = 16
collision_mask = 18
joint_type = 2
joint_offset = Transform3D(1, 0, 0, 0, 1, 0, 0, 0, 1, -3.0503674e-07, -3.238922e-07, 0.058658056)
body_offset = Transform3D(1.0000001, 2.9802322e-08, -7.450581e-09, -2.2351742e-08, -5.2154064e-08, -1.0000001, -5.9604645e-08, 1.0000001, -6.7055225e-08, 3.054738e-07, 0.058658063, 3.2782555e-07)
mass = 10.0
linear_damp = 0.5
angular_damp = 5.0
bone_name = "mixamorig_Spine"
joint_constraints/swing_span = 30.0
joint_constraints/twist_span = 25.0
joint_constraints/bias = 0.3
joint_constraints/softness = 0.8
joint_constraints/relaxation = 1.0

[node name="CollisionShape3D" type="CollisionShape3D" parent="Skeleton3D/PhysicalBoneSimulator3D/Physical Bone mixamorig_Spine" index="0" unique_id=1924945723]
transform = Transform3D(1, 0, 0, 0, 0, 1, 0, -1, 0, 0, 0, 0)
shape = SubResource("CapsuleShape3D_vrytn")

[node name="Physical Bone mixamorig_Spine1" type="PhysicalBone3D" parent="Skeleton3D/PhysicalBoneSimulator3D" index="2" unique_id=1593913838]
transform = Transform3D(0.5097265, -0.82767236, 0.23481338, -0.08191035, -0.31837937, -0.94441795, 0.85642844, 0.4621612, -0.23008132, -0.02058275, 1.1815958, 0.020522239)
collision_layer = 16
collision_mask = 18
joint_type = 2
joint_offset = Transform3D(1, 0, 0, 0, 1, 0, 0, 0, 1, 5.358779e-08, 4.763357e-07, 0.06729674)
body_offset = Transform3D(1, 1.1920929e-07, 8.940697e-08, 8.940697e-08, 7.450581e-09, -1, -2.9802322e-08, 1.0000001, 7.450581e-09, -5.9604645e-08, 0.06729674, -4.7683716e-07)
mass = 10.0
linear_damp = 0.5
angular_damp = 5.0
bone_name = "mixamorig_Spine1"
joint_constraints/swing_span = 30.0
joint_constraints/twist_span = 25.0
joint_constraints/bias = 0.3
joint_constraints/softness = 0.8
joint_constraints/relaxation = 1.0

[node name="CollisionShape3D" type="CollisionShape3D" parent="Skeleton3D/PhysicalBoneSimulator3D/Physical Bone mixamorig_Spine1" index="0" unique_id=732236890]
transform = Transform3D(1, 0, 0, 0, 0, 1, 0, -1, 0, 0, 0, 0)
shape = SubResource("CapsuleShape3D_cbjln")

[node name="Physical Bone mixamorig_Spine2" type="PhysicalBone3D" parent="Skeleton3D/PhysicalBoneSimulator3D" index="3" unique_id=854765496]
transform = Transform3D(-0.5381878, 0.7278056, 0.42503297, 0.11834129, 0.5645544, -0.81686825, -0.8344755, -0.38932952, -0.38996568, -0.06837538, 1.3066305, 0.06535679)
collision_layer = 16
collision_mask = 18
joint_type = 2
joint_offset = Transform3D(1, 0, 0, 0, 1, 0, 0, 0, 1, -5.111569e-08, 1.8905848e-07, 0.07526739)
body_offset = Transform3D(-1, -2.8967857e-05, -1.66893e-06, 0, 0.058319762, -0.9982981, 2.899766e-05, -0.99829817, -0.058319733, 7.4505806e-08, 0.075139284, 0.004389763)
mass = 12.0
linear_damp = 0.5
angular_damp = 5.0
bone_name = "mixamorig_Spine2"
joint_constraints/swing_span = 30.0
joint_constraints/twist_span = 30.0
joint_constraints/bias = 0.3
joint_constraints/softness = 0.8
joint_constraints/relaxation = 1.0

[node name="CollisionShape3D" type="CollisionShape3D" parent="Skeleton3D/PhysicalBoneSimulator3D/Physical Bone mixamorig_Spine2" index="0" unique_id=2031199114]
transform = Transform3D(1, 0, 0, 0, 0, 1, 0, -1, 0, 0, 0, 0)
shape = SubResource("CapsuleShape3D_fmh6t")

[node name="Physical Bone mixamorig_Neck" type="PhysicalBone3D" parent="Skeleton3D/PhysicalBoneSimulator3D" index="4" unique_id=1699876439]
transform = Transform3D(-0.5341998, 0.6166421, 0.5782587, 0.048976388, 0.70546657, -0.707049, -0.84393835, -0.34938434, -0.40706098, -0.13156179, 1.4062574, 0.11666793)
collision_layer = 16
collision_mask = 18
joint_type = 2
joint_offset = Transform3D(1, 0, 0, 0, 1, 0, 0, 0, 1, -2.3163193e-07, -2.6728958e-07, 0.05394801)
body_offset = Transform3D(-0.9999999, -0.000169456, -4.708767e-06, -4.4867396e-05, 0.29125082, -0.956647, 0.00016337633, -0.95664704, -0.2912507, 2.2351742e-08, 0.051609278, 0.015712142)
mass = 3.0
linear_damp = 0.5
angular_damp = 5.0
bone_name = "mixamorig_Neck"
joint_constraints/swing_span = 45.0
joint_constraints/twist_span = 35.0
joint_constraints/bias = 0.3
joint_constraints/softness = 0.8
joint_constraints/relaxation = 1.0

[node name="CollisionShape3D" type="CollisionShape3D" parent="Skeleton3D/PhysicalBoneSimulator3D/Physical Bone mixamorig_Neck" index="0" unique_id=716797528]
transform = Transform3D(1, 0, 0, 0, 0, 1, 0, -1, 0, 0, 0, 0)
shape = SubResource("CapsuleShape3D_3ysjy")

[node name="Physical Bone mixamorig_Head" type="PhysicalBone3D" parent="Skeleton3D/PhysicalBoneSimulator3D" index="5" unique_id=1907428119]
transform = Transform3D(-0.9899445, -0.000515107, 0.14145568, -0.12683484, 0.4460014, -0.88599986, -0.062633045, -0.89503217, -0.44158196, -0.17664145, 1.5313601, 0.18196642)
collision_layer = 16
collision_mask = 18
joint_type = 2
joint_offset = Transform3D(1, 0, 0, 0, 1, 0, 0, 0, 1, -3.803993e-07, -1.4267862e-06, 0.09814715)
body_offset = Transform3D(-1.0000001, -2.1748245e-05, -7.899478e-06, 3.0733645e-08, 0.33806634, -0.9411224, 2.3346394e-05, -0.94112235, -0.33806628, 3.9488077e-07, 0.09236896, 0.033178896)
mass = 5.0
linear_damp = 0.5
angular_damp = 5.0
bone_name = "mixamorig_Head"
joint_constraints/swing_span = 60.0
joint_constraints/twist_span = 55.0
joint_constraints/bias = 0.3
joint_constraints/softness = 0.8
joint_constraints/relaxation = 1.0

[node name="CollisionShape3D" type="CollisionShape3D" parent="Skeleton3D/PhysicalBoneSimulator3D/Physical Bone mixamorig_Head" index="0" unique_id=2021762873]
transform = Transform3D(1, 0, 0, 0, 0, 1, 0, -1, 0, 0, 0, 0)
shape = SubResource("CapsuleShape3D_c4v2p")

[node name="Physical Bone mixamorig_LeftArm" type="PhysicalBone3D" parent="Skeleton3D/PhysicalBoneSimulator3D" index="6" unique_id=176142806]
transform = Transform3D(0.44380337, -0.70253366, -0.5563138, 0.07432854, -0.589802, 0.8041199, -0.8930363, -0.39822114, -0.2095378, 0.1253323, 1.1723866, 0.23707199)
collision_layer = 16
collision_mask = 18
joint_type = 2
joint_offset = Transform3D(1, 0, 0, 0, 1, 0, 0, 0, 1, -1.0060662e-08, 4.4581782e-07, 0.13702346)
body_offset = Transform3D(0.9999999, 4.4703484e-07, -1.1771917e-06, -9.834766e-07, 5.9604645e-08, -0.99999994, -3.2782555e-07, 1, -2.0861626e-07, 1.7136335e-07, 0.13702345, -4.172325e-07)
mass = 3.0
linear_damp = 0.5
angular_damp = 5.0
bone_name = "mixamorig_LeftArm"
joint_constraints/swing_span = 80.0
joint_constraints/twist_span = 60.0
joint_constraints/bias = 0.3
joint_constraints/softness = 0.8
joint_constraints/relaxation = 1.0

[node name="CollisionShape3D" type="CollisionShape3D" parent="Skeleton3D/PhysicalBoneSimulator3D/Physical Bone mixamorig_LeftArm" index="0" unique_id=1458961221]
transform = Transform3D(1, 0, 0, 0, 0, 1, 0, -1, 0, 0, 0, 0)
shape = SubResource("CapsuleShape3D_7qnld")

[node name="Physical Bone mixamorig_LeftForeArm" type="PhysicalBone3D" parent="Skeleton3D/PhysicalBoneSimulator3D" index="7" unique_id=1147304356]
transform = Transform3D(0.71294296, -0.6987821, -0.058447115, -0.5323631, -0.59362787, 0.6034861, -0.45640114, -0.39913607, -0.79522854, 0.20962997, 0.9788784, 0.37558278)
collision_layer = 16
collision_mask = 18
joint_type = 2
joint_offset = Transform3D(1, 0, 0, 0, 1, 0, 0, 0, 1, -1.3978367e-07, 8.840879e-08, 0.13807239)
body_offset = Transform3D(1.0000002, 2.0861626e-07, 1.4901161e-07, 2.3841858e-07, 5.9604645e-08, -0.9999999, 8.940697e-08, 1.0000001, -2.0861626e-07, 1.1920929e-07, 0.13807237, -5.9604645e-08)
mass = 2.0
linear_damp = 0.5
angular_damp = 5.0
bone_name = "mixamorig_LeftForeArm"
joint_constraints/swing_span = 80.0
joint_constraints/twist_span = 10.0
joint_constraints/bias = 0.3
joint_constraints/softness = 0.8
joint_constraints/relaxation = 1.0

[node name="CollisionShape3D" type="CollisionShape3D" parent="Skeleton3D/PhysicalBoneSimulator3D/Physical Bone mixamorig_LeftForeArm" index="0" unique_id=153636352]
transform = Transform3D(1, 0, 0, 0, 0, 1, 0, -1, 0, 0, 0, 0)
shape = SubResource("CapsuleShape3D_pki57")

[node name="Physical Bone mixamorig_LeftHand" type="PhysicalBone3D" parent="Skeleton3D/PhysicalBoneSimulator3D" index="8" unique_id=1961723957]
mass = 1.0
transform = Transform3D(0.32336885, 0.7187856, 0.615451, 0.76888436, -0.57870287, 0.2718821, 0.5515882, 0.3852924, -0.7397975, 0.20139614, 0.88835174, 0.5049795)
collision_layer = 16
collision_mask = 18
joint_type = 2
joint_offset = Transform3D(1, 0, 0, 0, 1, 0, 0, 0, 1, -2.3003668e-07, 1.2712553e-07, 0.026490403)
body_offset = Transform3D(-0.58519495, 0.5798949, 0.56680584, 2.0861626e-07, 0.6989898, -0.71513116, -0.81089264, -0.41849083, -0.40904552, -0.015015125, 0.018944025, 0.010835648)
linear_damp = 0.5
angular_damp = 5.0
bone_name = "mixamorig_LeftHand"
joint_constraints/swing_span = 50.0
joint_constraints/twist_span = 30.0
joint_constraints/bias = 0.3
joint_constraints/softness = 0.8
joint_constraints/relaxation = 1.0

[node name="CollisionShape3D" type="CollisionShape3D" parent="Skeleton3D/PhysicalBoneSimulator3D/Physical Bone mixamorig_LeftHand" index="0" unique_id=1484264440]
transform = Transform3D(1, 0, 0, 0, 0, 1, 0, -1, 0, 0, 0, 0)
shape = SubResource("CapsuleShape3D_trbj4")

[node name="Physical Bone mixamorig_RightArm" type="PhysicalBone3D" parent="Skeleton3D/PhysicalBoneSimulator3D" index="9" unique_id=914700315]
transform = Transform3D(-0.68341804, 0.7047853, -0.19030894, -0.65491635, -0.47673103, 0.586355, 0.32252815, 0.52536196, 0.787382, -0.13590024, 1.2474687, -0.20449801)
collision_layer = 16
collision_mask = 18
joint_type = 2
joint_offset = Transform3D(1, 0, 0, 0, 1, 0, 0, 0, 1, 1.8541189e-07, -7.9942765e-08, 0.13702331)
body_offset = Transform3D(1, -3.1143427e-06, -1.7881393e-06, -1.8179417e-06, -2.1457672e-06, -1.0000001, 3.233552e-06, 1, -2.026558e-06, 5.9604645e-08, 0.13702333, 3.5762787e-07)
mass = 3.0
linear_damp = 0.5
angular_damp = 5.0
bone_name = "mixamorig_RightArm"
joint_constraints/swing_span = 80.0
joint_constraints/twist_span = 60.0
joint_constraints/bias = 0.3
joint_constraints/softness = 0.8
joint_constraints/relaxation = 1.0

[node name="CollisionShape3D" type="CollisionShape3D" parent="Skeleton3D/PhysicalBoneSimulator3D/Physical Bone mixamorig_RightArm" index="0" unique_id=948903909]
transform = Transform3D(1, 0, 0, 0, 0, 1, 0, -1, 0, 0, 0, 0)
shape = SubResource("CapsuleShape3D_a3rkp")

[node name="Physical Bone mixamorig_RightForeArm" type="PhysicalBone3D" parent="Skeleton3D/PhysicalBoneSimulator3D" index="10" unique_id=1988180732]
transform = Transform3D(-0.8415911, 0.4822714, 0.24318445, 0.008778752, -0.43797228, 0.8989456, 0.5400438, 0.75867957, 0.36435983, -0.14340095, 1.0430052, -0.3626964)
collision_layer = 16
collision_mask = 18
joint_type = 2
joint_offset = Transform3D(1, 0, 0, 0, 1, 0, 0, 0, 1, -9.2182496e-08, 2.2619616e-07, 0.13807249)
body_offset = Transform3D(1, 1.7881393e-07, -3.5762787e-07, -4.4703484e-07, -7.4505806e-07, -1, 2.9802322e-08, 1.0000001, -7.748604e-07, 1.4156103e-07, 0.13807249, -1.1920929e-07)
mass = 2.0
linear_damp = 0.5
angular_damp = 5.0
bone_name = "mixamorig_RightForeArm"
joint_constraints/swing_span = 80.0
joint_constraints/twist_span = 10.0
joint_constraints/bias = 0.3
joint_constraints/softness = 0.8
joint_constraints/relaxation = 1.0

[node name="CollisionShape3D" type="CollisionShape3D" parent="Skeleton3D/PhysicalBoneSimulator3D/Physical Bone mixamorig_RightForeArm" index="0" unique_id=134289958]
transform = Transform3D(1, 0, 0, 0, 0, 1, 0, -1, 0, 0, 0, 0)
shape = SubResource("CapsuleShape3D_32ldi")

[node name="Physical Bone mixamorig_RightHand" type="PhysicalBone3D" parent="Skeleton3D/PhysicalBoneSimulator3D" index="11" unique_id=129329893]
mass = 1.0
transform = Transform3D(0.46104598, 0.2789569, 0.8423893, -0.7227033, -0.43280923, 0.5388656, 0.5149141, -0.8572393, 0.0020580967, -0.19929302, 0.904611, -0.41305882)
collision_layer = 16
collision_mask = 18
joint_type = 2
joint_offset = Transform3D(1, 0, 0, 0, 1, 0, 0, 0, 1, -1.4901161e-08, -3.4458935e-08, 0.02649038)
body_offset = Transform3D(-0.5851946, -0.57989466, -0.5668064, -5.9604645e-08, 0.6989906, -0.715131, 0.81089306, -0.418491, -0.4090455, 0.015014887, 0.018944114, 0.010835767)
linear_damp = 0.5
angular_damp = 5.0
bone_name = "mixamorig_RightHand"
joint_constraints/swing_span = 50.0
joint_constraints/twist_span = 30.0
joint_constraints/bias = 0.3
joint_constraints/softness = 0.8
joint_constraints/relaxation = 1.0

[node name="CollisionShape3D" type="CollisionShape3D" parent="Skeleton3D/PhysicalBoneSimulator3D/Physical Bone mixamorig_RightHand" index="0" unique_id=1196855198]
transform = Transform3D(1, 0, 0, 0, 0, 1, 0, -1, 0, 0, 0, 0)
shape = SubResource("CapsuleShape3D_cohh2")

[node name="Physical Bone mixamorig_LeftUpLeg" type="PhysicalBone3D" parent="Skeleton3D/PhysicalBoneSimulator3D" index="12" unique_id=1633620389]
transform = Transform3D(-0.747362, -0.6439622, 0.1635932, -0.25925747, 0.5093473, 0.82057965, -0.61174804, 0.5708573, -0.54761887, 0.028403532, 0.6737168, 0.18389574)
collision_layer = 16
collision_mask = 18
joint_type = 2
joint_offset = Transform3D(1, 0, 0, 0, 1, 0, 0, 0, 1, 6.751406e-07, -1.6111129e-07, 0.20299762)
body_offset = Transform3D(0.9999999, -1.7881393e-07, -5.364418e-07, -5.9604645e-07, 5.9604645e-08, -1, 8.940697e-08, 0.9999999, 5.9604645e-08, -5.662441e-07, 0.20299762, 1.4901161e-07)
mass = 8.0
linear_damp = 0.5
angular_damp = 5.0
bone_name = "mixamorig_LeftUpLeg"
joint_constraints/swing_span = 70.0
joint_constraints/twist_span = 30.0
joint_constraints/bias = 0.3
joint_constraints/softness = 0.8
joint_constraints/relaxation = 1.0

[node name="CollisionShape3D" type="CollisionShape3D" parent="Skeleton3D/PhysicalBoneSimulator3D/Physical Bone mixamorig_LeftUpLeg" index="0" unique_id=1331441298]
transform = Transform3D(1, 0, 0, 0, 0, 1, 0, -1, 0, 0, 0, 0)
shape = SubResource("CapsuleShape3D_iiwor")

[node name="Physical Bone mixamorig_LeftLeg" type="PhysicalBone3D" parent="Skeleton3D/PhysicalBoneSimulator3D" index="13" unique_id=548507917]
transform = Transform3D(-0.6654325, -0.6903135, -0.28401908, -0.2594696, -0.14285515, 0.9551272, -0.6999108, 0.70926696, -0.08405491, 0.05497905, 0.30609196, 0.31275338)
collision_layer = 16
collision_mask = 18
joint_type = 2
joint_offset = Transform3D(1, 0, 0, 0, 1, 0, 0, 0, 1, 1.8035578e-08, -1.570517e-09, 0.21049514)
body_offset = Transform3D(0.9999999, 0, -8.568168e-08, -7.4505806e-08, 7.450581e-09, -1, 0, 1, -6.3329935e-08, 0, 0.21049514, 1.4901161e-08)
mass = 4.0
linear_damp = 0.5
angular_damp = 5.0
bone_name = "mixamorig_LeftLeg"
joint_constraints/swing_span = 80.0
joint_constraints/twist_span = 10.0
joint_constraints/bias = 0.3
joint_constraints/softness = 0.8
joint_constraints/relaxation = 1.0

[node name="CollisionShape3D" type="CollisionShape3D" parent="Skeleton3D/PhysicalBoneSimulator3D/Physical Bone mixamorig_LeftLeg" index="0" unique_id=302663821]
transform = Transform3D(1, 0, 0, 0, 0, 1, 0, -1, 0, 0, 0, 0)
shape = SubResource("CapsuleShape3D_qj7yr")

[node name="Physical Bone mixamorig_LeftFoot" type="PhysicalBone3D" parent="Skeleton3D/PhysicalBoneSimulator3D" index="14" unique_id=362247585]
transform = Transform3D(-0.6573942, -0.37588307, 0.65310407, -0.051746238, 0.887179, 0.45851484, -0.7517681, 0.2676293, -0.6026768, 0.06342464, 0.06899953, 0.3778216)
collision_layer = 16
collision_mask = 18
joint_type = 2
joint_offset = Transform3D(1, 0, 0, 0, 1, 0, 0, 0, 1, -2.3426956e-09, 7.0280834e-09, 0.07860779)
body_offset = Transform3D(0.9999999, 5.9604645e-08, 2.9802322e-08, 0, -1.6391277e-07, -1.0000001, 2.9802322e-08, 1, -8.940697e-08, 0, 0.0786078, 0)
mass = 2.0
linear_damp = 0.5
angular_damp = 5.0
bone_name = "mixamorig_LeftFoot"
joint_constraints/swing_span = 35.0
joint_constraints/twist_span = 20.0
joint_constraints/bias = 0.3
joint_constraints/softness = 0.8
joint_constraints/relaxation = 1.0

[node name="CollisionShape3D" type="CollisionShape3D" parent="Skeleton3D/PhysicalBoneSimulator3D/Physical Bone mixamorig_LeftFoot" index="0" unique_id=929610621]
transform = Transform3D(1, 0, 0, 0, 0, 1, 0, -1, 0, 0, 0, 0)
shape = SubResource("CapsuleShape3D_aj1to")

[node name="Physical Bone mixamorig_RightUpLeg" type="PhysicalBone3D" parent="Skeleton3D/PhysicalBoneSimulator3D" index="15" unique_id=226796414]
transform = Transform3D(0.059885215, -0.9121361, 0.40548941, 0.3158518, 0.40266174, 0.8591282, -0.9469169, 0.07662549, 0.31221324, -0.10611164, 0.66037476, -0.15182294)
collision_layer = 16
collision_mask = 18
joint_type = 2
joint_offset = Transform3D(1, 0, 0, 0, 1, 0, 0, 0, 1, -9.653268e-07, 2.4574026e-06, 0.20299926)
body_offset = Transform3D(1.0000001, -9.685755e-08, -8.940697e-08, -5.9604645e-08, -3.5390258e-08, -1.0000001, 2.2351742e-08, 1, -6.7055225e-08, 9.834766e-07, 0.2029993, -2.4437904e-06)
mass = 8.0
linear_damp = 0.5
angular_damp = 5.0
bone_name = "mixamorig_RightUpLeg"
joint_constraints/swing_span = 70.0
joint_constraints/twist_span = 30.0
joint_constraints/bias = 0.3
joint_constraints/softness = 0.8
joint_constraints/relaxation = 1.0

[node name="CollisionShape3D" type="CollisionShape3D" parent="Skeleton3D/PhysicalBoneSimulator3D/Physical Bone mixamorig_RightUpLeg" index="0" unique_id=985381589]
transform = Transform3D(1, 0, 0, 0, 0, 1, 0, -1, 0, 0, 0, 0)
shape = SubResource("CapsuleShape3D_kkt22")

[node name="Physical Bone mixamorig_RightLeg" type="PhysicalBone3D" parent="Skeleton3D/PhysicalBoneSimulator3D" index="16" unique_id=433127597]
transform = Transform3D(-0.010888227, -0.9718956, -0.23516043, 0.3625993, -0.22300519, 0.9048704, -0.93188155, -0.07541657, 0.3548368, -0.13892618, 0.29550582, -0.28989112)
collision_layer = 16
collision_mask = 18
joint_type = 2
joint_offset = Transform3D(1, 0, 0, 0, 1, 0, 0, 0, 1, -1.5372096e-07, -1.1764538e-08, 0.21049514)
body_offset = Transform3D(1, -7.4505806e-08, -1.1920929e-07, 0, 2.4214387e-08, -0.99999994, 7.450581e-09, 1, -1.4901161e-08, 1.7881393e-07, 0.21049511, 1.4901161e-08)
mass = 4.0
linear_damp = 0.5
angular_damp = 5.0
bone_name = "mixamorig_RightLeg"
joint_constraints/swing_span = 80.0
joint_constraints/twist_span = 10.0
joint_constraints/bias = 0.3
joint_constraints/softness = 0.8
joint_constraints/relaxation = 1.0

[node name="CollisionShape3D" type="CollisionShape3D" parent="Skeleton3D/PhysicalBoneSimulator3D/Physical Bone mixamorig_RightLeg" index="0" unique_id=1178377451]
transform = Transform3D(1, 0, 0, 0, 0, 1, 0, -1, 0, 0, 0, 0)
shape = SubResource("CapsuleShape3D_bjkca")

[node name="Physical Bone mixamorig_RightFoot" type="PhysicalBone3D" parent="Skeleton3D/PhysicalBoneSimulator3D" index="17" unique_id=1775877973]
transform = Transform3D(-0.031171836, -0.45747006, 0.8886785, 0.05175285, 0.8871792, 0.45851356, -0.99817336, 0.060284354, -0.0039796247, -0.15928307, 0.06898849, -0.36426973)
collision_layer = 16
collision_mask = 18
joint_type = 2
joint_offset = Transform3D(1, 0, 0, 0, 1, 0, 0, 0, 1, -4.538795e-09, 3.3257504e-06, 0.07860948)
body_offset = Transform3D(1.0000001, -8.195639e-08, 5.7742e-08, -1.0244548e-08, 1.033186e-09, -1, 1.8626451e-08, 1, 5.926995e-08, 0, 0.07860948, -3.3304095e-06)
mass = 2.0
linear_damp = 0.5
angular_damp = 5.0
bone_name = "mixamorig_RightFoot"
joint_constraints/swing_span = 35.0
joint_constraints/twist_span = 20.0
joint_constraints/bias = 0.3
joint_constraints/softness = 0.8
joint_constraints/relaxation = 1.0

[node name="CollisionShape3D" type="CollisionShape3D" parent="Skeleton3D/PhysicalBoneSimulator3D/Physical Bone mixamorig_RightFoot" index="0" unique_id=1565542573]
transform = Transform3D(1, 0, 0, 0, 0, 1, 0, -1, 0, 0, 0, 0)
shape = SubResource("CapsuleShape3D_dry07")

[node name="AnimationPlayer" parent="." index="1" unique_id=1776656459]
libraries/ = SubResource("AnimationLibrary_1")
autoplay = &"idle"

